48.5462 28.1885 54.9803
45.6236 7.43731 55.6383
41.5007 -10.9864 52.9335
36.4426 -26.344 47.773
30.7276 -38.2935 40.9384
24.6516 -46.7636 33.0847
18.5164 -51.8656 24.7661
12.6083 -53.8414 16.4588
7.17586 -53.035 8.57188
2.4112 -49.8717 1.44464
-1.55909 -44.8376 -4.66242
-4.67415 -38.4519 -9.57712
-6.93136 -31.2363 -13.2189
-8.37451 -23.6831 -15.5935
-9.08101 -16.2282 -16.779
-9.15031 -9.23289 -16.9082
-8.69458 -2.97433 -16.1495
-7.83133 2.35506 -14.6894
-6.6775 6.64286 -12.7186
-5.34461 9.84789 -10.4216
-3.93453 11.9899 -7.96857
-2.53617 13.1381 -5.50989
-1.22302 13.4 -3.17196
-0.051767 12.9101 -1.05495
0.937964 11.819 0.768181
1.72293 10.2834 2.25124
2.29472 8.4575 3.37307
2.6577 6.48486 4.13472
2.82653 4.49317 4.55581
2.8237 2.58998 4.67047
2.67699 0.860377 4.52316
2.41715 -0.633656 4.16461
2.07582 -1.85268 3.64813
1.68375 -2.77807 3.02645
1.26934 -3.40955 2.34909
0.857571 -3.76217 1.66033
0.46923 -3.86302 0.997781
0.120524 -3.74783 0.391564
-0.177023 -3.45773 -0.136051
-0.416412 -3.03623 -0.570512
-0.594792 -2.52657 -0.90448
-0.712933 -1.96951 -1.13703
-0.774599 -1.40164 -1.27267
-0.78586 -0.854118 -1.32017
-0.754398 -0.351987 -1.29149
-0.688851 0.0861666 -1.20054
-0.598209 0.448105 -1.06223
-0.491289 0.727537 -0.891454
-0.37631 0.923476 -0.702376
-0.260562 1.03942 -0.507789
-0.150181 1.08245 -0.318684
-0.0500233 1.06225 -0.143971
0.0363806 0.990226 0.00964269
